0
0.032258
1.000000
0.903226
0.000000
0.000000
0.000000
0.000000
0.000000
0.000000
0.000000
0.000000
0.000000
0.000000
0.000000
0.000000
0.000000
0.000000
0.000000
0.000000
0.000000
0.580645
0.935484
1.000000
1.000000
1.000000
1.000000
1.000000
0.387097
0.000000
0.000000
0.000000
0.000000
0.000000
0.032258
0.000000
0.000000
0.000000
0.000000
0.000000
0.000000
0.000000
0.000000
0.000000
0.580645
1.000000
1.000000
0.129032
0.000000
0.000000
0.000000
0.000000
0.000000
0.000000
0.000000
0.000000
0.000000
0.000000
0.000000
0.000000
0.000000
0.032258
0.000000
0.000000
0.000000
0.000000
0.000000
0.000000
0.032258
0.000000
0.000000
1.000000
1.000000
1.000000
0.322581
0.000000
0.000000
0.000000
0.000000
0.000000
0.000000
0.032258
1.000000
0.903226
0.225806
0.000000
0.000000
0.000000
0.000000
0.000000
0.000000
0.161290
1.000000
1.000000
1.000000
1.000000
1.000000
1.000000
1.000000
1.000000
1.000000
0.516129
0.000000
0.000000
0.000000
0.032258
1.000000
1.000000
1.000000
1.000000
1.000000
1.000000
1.000000
0.096774
0.000000
0.000000
0.000000
0.000000
0.000000
0.000000
0.838710
1.000000
0.258065
0.000000
0.000000
0.000000
0.000000
0.000000
0.000000
0.225806
1.000000
1.000000
0.387097
0.000000
0.000000
0.000000
0.870968
0.516129
0.000000
0.000000
0.000000
0.000000
0.000000
0.000000
0.000000
0.000000
0.000000
0.193548
1.000000
1.000000
1.000000
0.612903
0.000000
0.000000
0.000000
0.129032
0.000000
0.000000
0.000000
0.000000
0.000000
0.000000
0.193548
1.000000
1.000000
1.000000
0.774194
0.000000
0.000000
0.000000
0.000000
0.000000
0.000000
0.000000
0.000000
0.000000
0.000000
0.000000
0.000000
0.000000
0.000000
0.000000
0.000000
0.000000
0.000000
0.000000
0.000000
0.000000
0.000000
0.000000
0.000000
0.000000
0.000000
0.000000
0.000000
0.000000
0.000000
0.000000
0.000000
0.000000
0.000000
0.000000
0.000000
0.000000
0.000000
0.000000
0.000000
0.000000
0.000000
0.000000
0.000000
0.000000
0.000000
0.000000
0.000000
0.000000
0.000000
0.000000
0.000000
0.000000
0.000000
0.000000
0.000000
0.000000
0.000000
0.000000
0.000000
0.000000
