0
32000
32104
31990
32157
32155
32490
32236
32367
32351
32387
32320
32385
32237
32272
32398
32225
32011
32126
32217
32112
32130
32220
32155
32049
32135
32209
32225
32137
32194
32215
32315
32229
32123
32140
32119
32110
32130
32205
32189
32191
32200
32208
32198
32257
32215
32330
32386
32521
32588
32731
32799
32902
33019
33144
33160
33312
33443
33627
33667
33712
17540131
32417
32269
32284
32293
32244
32371
32360
32223
32274
32347
32366
32314
32473
32289
32235
32326
32251
32713
33041
64945
64261
32213
32266
32236
32340
32229
32261
32289
32212
32230
32249
32307
32282
32331
32267
32325
32217
32279
32240
32291
32342
32252
32342
32318
32226
32225
32243
32233
32230
32265
32267
32349
32287
32290
32257
32345
32371
32281
32271
32282
32264
32282
32303
32289
32318
32243
32320
32229
32241
32325
32300
32324
32286
32359
32241
32292
32511
32259
32378
32333
32507
32615
32306
32213
32211
32260
32240
32227
32184
32233
32234
32250
32231
32262
32248
32251
32271
32283
32244
32230
32260
32257
32111
32137
32212
32203
32232
32263
32109
32210
32236
32191
32191
32109
32105
32147
32174
32152
32136
32248
32207
32237
32260
32229
32286
32237
32260
32310
32202
32251
32259
36799
32475
32392
32259
32358
32235
32387
32456
32115
32224
32219
32220
32242
32245
32247
32282
32240
32238
32238
32246
32250
32257
32249
32278
32256
32245
32258
32220
32117
32248
32214
32199
32254
32291
32201
32253
32272
32306
32262
32468
32245
32270
32255
32243
32215
32211
32225
32247
32260
32121
32236
32236
32271
32223
32203
32242
32268
32184
32223
32249
32273
32203
32212
32232
32183
32267
32230
32119
32111
32164
32151
32236
32186
32196
32204
32220
32190
32198
32223
32230
32221
6104500
9986725
32152
32187
32238
32163
32192
32197
32240
32247
32261
32185
32197
32262
32228
32279
32239
32238
32220
32272
32188
32203
32185
32197
32252
32201
32188
32213
32252
32204
32224
32182
32175
32189
32191
32238
32256
32265
32226
32193
32215
32227
32246
32263
32201
32246
32293
32176
32204
32259
32219
32218
32245
32217
32267
32123
32114
32115
32107
32235
32237
32248
32183
32188
32661
32260
32159
32216
32111
32228
32305
32430
32525
32652
32759
32869
32845
33004
33145
33138
33338
33422
33503
33606
33631
14818590
6571313
2517340
32222
32296
32207
32274
32286
32281
32307
32332
32346
32281
32231
32272
32535
32606
32728
32247
32224
32361
32340
32327
32358
32291
32247
32234
32314
32352
32227
32339
32268
32263
32300
32343
32422
32317
32397
32399
32291
32384
32417
32300
32314
32345
32299
32277
32333
32406
32225
32228
32329
32340
32269
32237
32388
32277
32276
32244
32230
32298
32350
32325
32195
32195
32284
32318
32389
32324
32381
32252
32225
32191
32199
32203
32258
32274
32291
32223
32220
32262
32244
32238
32304
32310
32221
32218
32261
32304
32478
32544
32521
32666
32721
32848
33062
33218
33117
33257
33322
33437
33489
33581
33725
7668902
32274
32191
32255
32221
32346
32335
32379
32355
32670
32551
32501
32553
32499
32501
32499
32614
32303
32273
32745
32540
32405
32223
32282
32309
32255
32262
32359
32278
32300
32326
32188
32216
32170
32172
32188
32199
32246
32239
32233
32276
32163
32193
32217
32189
32238
32189
32211
32237
32257
32244
32211
32242
32208
32231
32163
32374
32488
128843
32200
32222
32251
32351
32336
32262
32227
129250
7558633
32088
32170
32233
32165
32113
32143
32155
32174
32136
32142
32227
32219
32114
32221
32258
32191
32209
32208
32284
32241
32206
32221
32224
32190
32188
32230
32333
32226
32198
32218
32211
32240
32195
32192
32177
32174
32240
32213
32182
32185
32231
32491
32259
32315
32252
32259
32233
32415
32274
32290
32310
32236
32246
32190
32215
32223
32273
32224
32256
32208
32188
32193
32246
32257
32259
32226
32220
32210
32223
32205
32200
32222
32168
32212
32233
32215
32219
32287
32213
32206
32309
32252
32252
32256
32254
32278
32148
32229
32262
32159
32204
32193
32187
32198
32151
32221
32264
32258
32234
32238
32234
32235
32230
32281
32237
32214
32240
32235
32252
32245
32273
32238
32147
32185
32180
32188
32188
32311
32212
32184
32180
32263
32487
32132
32184
32231
32191
32196
32069
32129
32079
32044
32059
32053
32052
32111
32052
32064
32092
32075
32083
32078
32057
32052
32076
32084
32031
32120
32111
32108
32172
32118
32115
36721
32126
32121
32095
32125
32040
32076
32101
32137
32139
32357
32316
32154
32116
32100
32170
32102
32290
32242
32321
32316
32428
32329
32252
32350
32362
32287
32398
32217
32246
32324
32347
32283
32204
32232
32195
32206
32283
32280
32240
32127
32146
32131
32136
32214
32288
32299
32268
32283
32288
32286
32328
32268
32219
32227
32187
32197
32193
32204
32225
32216
32140
32123
32115
32134
32186
32206
32132
32196
32111
32215
32260
32213
32253
32143
32120
32204
32195
32192
32180
32190
32133
32185
32182
32265
32147
32140
32200
32110
32112
32216
32180
32243
32243
32300
32119
32213
32178
32207
32210
32235
32119
32205
32191
32203
32239
32371
32283
32296
32280
32225
32119
32298
32233
32196
32242
32209
32186
32112
32133
32252
32273
32363
32155
32224
32225
32103
32199
32180
32222
32116
32222
32364
32112
32229
32093
32125
32198
32241
32226
32192
32185
32194
32200
32217
32244
3562220
1009717
32225
32237
32174
32178
32227
32272
32234
32188
32208
32237
32223
32300
32211
32248
32268
32251
32234
32253
32244
32203
32192
32223
32274
32233
32209
32184
32240
32239
32252
32315
32190
32240
32227
32218
32201
32175
32186
32214
32285
32265
32292
32162
32198
32168
32223
32204
32137
32217
32234
32205
32269
32189
32193
32184
32210
32225
32190
32180
32174
32176
32226
32238
32219
32189
32207
32199
32230
32211
32211
32257
32202
32284
32221
32215
32180
32273
32222
32179
32213
32132
32158
32247
32133
32280
32237
32265
32126
32142
32245
32178
32167
32169
32246
32194
32227
32194
32193
32199
32211
32199
32191
32209
32215
32212
32184
32242
32236
32208
32206
32178
32185
32214
32190
32231
32184
32220
32240
32201
32240
32219
32216
32207
32230
32217
32222
32258
32348
32391
32515
32629
32710
32821
32843
32259
32265
32192
32195
32156
32201
32188
32226
32293
32220
32199
32216
32233
32205
32252
32284
32273
32246
32184
32188
32188
32221
32249
32221
32201
32234
32264
32244
32230
32130
32197
32189
32180
32204
32239
32227
32238
32212
32188
32198
32209
32250
32209
32197
32197
32279
32226
32202
32234
32225
32195
32297
32263
32217
32268
32234
32204
32142
32229
32233
32383
32562
32176
32141
32222
32244
32304
32444
32431
32245
32203
32207
32261
32267
32246
32184
32222
32140
32222
32241
32231
32105
35193
32155
32241
7101912
32201
32226
32268
32617
32234
32247
32237
32211
32218
32259
32225
32232
32205
32288
32247
32227
32282
32264
32221
32181
32217
32279
32242
32207
32232
32219
32191
32222
32226
32273
32181
32238
32278
32255
32228
32259
32253
32336
32305
32782
32308
32247
32248
32336
32222
32302
32348
32264
32300
32246
32268
32226
32265
32315
32330
32589
32217
32314
32240
32287
32295
32350
32226
7551039
32287
32222
32281
32257
32297
32268
32222
32128
32218
32255
32192
32261
32234
32267
32258
32234
32156
32130
32116
32180
32203
32227
32215
32149
32252
32229
32197
32199
32237
32296
32261
32127
32279
32209
32198
32213
32208
32206
32112
32119
32191
32275
32308
32174
32279
32112
32189
32184
32142
32262
32248
32232
32300
32127
32151
32275
32241
32247
32128
32213
32257
32263
32202
32241
32231
32227
32224
32237
32212
32138
32117
32200
32179
32209
32258
32233
32222
32228
32188
32244
32306
3746256
32322
32316
32249
32510
32351
32279
32298
32323
32242
32312
32419
32250
32237
32208
32269
32317
32257
32279
32280
32379
32303
32312
32245
32268
32309
32257
32195
32256
32309
32282
32222
32268
32304
32265
32195
32202
32232
32189
32224
32201
32215
32305
10351348
32260
32251
32239
32251
32247
32237
32301
32287
32266
32322
32269
32311
32309
32249
32288
32320
32239
32229
32269
32400
32377
32315
32203
32317
32248
32289
32257
32240
32330
32476
32523
32398
32332
32184
32188
32227
32231
32293
32216
32266
32303
32257
32284
32246
32271
32282
32292
32263
32267
32269
32306
32255
32229
32265
32335
32317
32308
32290
32200
32315
32404
32239
32319
32272
32357
32222
32308
32273
32320
32222
32223
32192
32147
32239
32211
32242
32198
32182
32243
32154
32181
32175
32216
32184
32219
32191
32193
32182
32253
32215
32219
32240
32258
32097
32166
32199
32238
32271
32245
32236
32214
32132
32112
32079
32150
32189
32186
32218
32219
32189
32191
32184
32177
32260
32197
32207
32208
3905422
34892
32199
32207
7209386
32285
32291
32293
32337
32298
32304
32314
32297
32306
32249
32258
32253
32240
32255
32252
32266
32273
32248
32282
32220
32252
32264
32246
32220
32208
32292
32263
32132
32235
32235
32226
32218
32135
32261
32189
32210
32296
32317
32165
32239
32125
32127
32201
32214
32183
32399
32232
32176
32293
32223
32247
32248
32192
32228
32188
32237
32211
32224
32242
32244
32242
32246
32255
32267
32176
32238
32115
32180
32215
32292
32243
32271
32132
32148
32165
32267
32151
32244
32127
32118
32133
32197
32293
32226
32154
32230
32178
32185
32185
32217
32265
32222
32278
32212
32232
32188
32201
32278
32257
32251
32288
32259
32251
32235
32211
32210
32206
32211
32344
32300
32239
32226
32329
32236
32231
32184
32227
32217
32196
32217
32281
210
