0
35000
8330
5571
4039
3286
2854
2428
2117
1907
1889
1775
344
318
197
238
256
222
227
220
203
208
216
184
258
204
693422
29980
724722
59753
762606
89910
787785
119804
797381
943888
182931
767554
188977
845687
189654
156259
156681
126988
127932
99901
66164
65086
38361
41582
11510
3078
7617
9736
11144
11758
7856
8400
11081
9843
698267
737479
764403
796103
128428
1527861
1594715
1641747
3658358
445754
445309
415469
385310
355195
324988
324749
264534
204195
144014
140
168
430
188
182
188
159
148
214
803
204
189
177
203
166
189
189
698
206
196
151
192
188
174
182
188
171
149
116
179
887
198
186
200
209
184
190
202
189
197
178
163
133
167
128
166
164
165
148
166
161
153
167
143
243
172
154
159
158
163
158
158
693428
30064
29916
29897
29875
29890
718895
59598
59456
59417
59402
37362
30073
30004
30006
30013
30022
487
6725
874
814
762
6821
754
704
710
5803
967
951
627
620
616
9938
923
901
768
780
542
560
556
4945
7001
1071
623
639
606
588
594
6810
1072
1010
801
506
466
426
424
430
447
432
6909
1028
478
501
469
449
6229
8329
1152
1116
1090
822
846
811
735
715
755191
33393
32588
32568
32821
32587
32569
32555
32564
32573
32534
250
256
207
200
183
167
174
369
204
175
205
204
228
161
150
146
147
163
133
1612
239
228
216
200
179
201
245
224
224
216
121
138
168
187
142
180
169
181
151
149
148
145
689693
29932
29759
29754
34541
30019
29968
30152
29982
725249
59835
30211
30156
37385
31047
30316
30273
728406
60303
60287
30482
728037
60421
60373
748050
90036
89425
95003
59836
65858
60046
60557
30143
37012
30481
956
9057
1298
978
6505
1044
988
7059
1341
899
892
8327
955
882
8466
1016
6414
1246
918
7810
1306
1764
7929
1276
1271
926
8385
1052
976
6453
1012
972
8420
1000
917
7083
1324
9117
1308
1217
6423
1350
1248
914
8352
1308
974
7809
987
910
701854
30817
737319
61069
60984
767932
91083
796164
3639229
272662
271919
241802
242006
211520
211516
211528
181216
181216
151037
223
1026
197
161
168
150
147
144
141
139
144
141
95
94
94
91
113
107
94
92
93
105
96
109
528
163
163
154
152
685368
30796
29632
29619
29574
29564
29547
727985
59593
59485
59801
30118
30064
706459
59153
59057
59042
59042
29111
731125
59301
59187
59179
760636
60376
60268
60253
759579
90335
90245
60142
756694
90127
90426
59956
66813
60293
763317
61010
60464
764909
90792
767233
91214
91066
97627
91062
97177
61203
69352
61528
31293
38769
1511
1414
6459
1372
8090
1358
1301
8379
1401
8013
1289
8050
1648
1340
7246
1347
1272
9377
1402
8086
14580
1978
1621
10300
2066
1704
1691
1705
1369
13423
8486
1479
1352
1344
972
926
945
7820
1270
8089
1095
2941068
126838
126736
126713
126710
126711
126709
126414
126445
126120
126115
98
92
93
346
106
102
102
103
104
411
160
118
116
117
416
156
122
647
151
143
130
128
128
128
132
114
1657
197
158
158
157
157
157
162
168
1492967
66827
72548
68683
67455
76110
65369
65323
65326
76178
65836
1815
1696
3057
711468
32846
2955558
3379529
294764
294961
294158
294722
294181
295420
294163
263716
263657
138324
193
186
1817
257
216
217
162
180
176
206
171
169
165
95
623
124
124
120
118
125
408
693549
3081815
161255
160690
160649
160648
160648
161028
160668
160664
161117
130965
155
622
153
149
148
149
511
808
180
157
157
158
135
438
153
149
150
1300
165
154
154
156
487
837
193
185
184
184
135
134
133
1694
211
187
159
580
182
176
178
176
180
176
110
275
771
150
128
126
126
127
128
1074
174
168
189
135
154
159
140
925
178
170
130
130
129
126
693128
29952
29848
29832
29797
31432
29875
29889
29869
29868
29869
172
163
163
926
206
127
125
124
123
124
360
138
1392
846
197
187
190
183
6879
521
474
464
868
434
400
464
405
7358
738
415
411
413
411
6596
696
663
1822
855
508
4213
617
584
583
973
347
334
5083
524
483
485
316
317
8271
1291
727
672
7423
797
757
1188
786
773
772
432
403
5613
784
446
433
356
347
5887
35567
10464
7929
9056
10224
6440
6632
705151
33509
33408
33162
31660
31302
31905
30844
30506
30362
30212
132
1137
179
178
171
567
156
162
155
152
523
171
1399
189
181
183
572
190
195
181
180
164
453
124
122
121
1267
167
155
154
153
1241
206
191
187
611
212
167
158
157
1231
212
158
156
155
516
159
743
180
202
198
148
442
163
2112
260
246
233
581
851
275
253
251
239
506
173
6325
12281
6464
7404
17426
2285
2209
9968
24818
17989
10955
11679
728117
34772
34405
33703
33693
33688
33348
116602
35470
35111
35824
3763
3752
4910
3810
7917
4001
3978
2936
491
476
927
453
451
1599
458
277
274
2122
308
282
281
227
226
410
191
183
2085
271
189
1368
239
233
1472
289
276
1459
336
248
250
246
195
194
194
142
967
184
126
1319
185
177
2116
273
261
726
284
248
732
271
219
728
268
178
1329
247
220
1300
242
217
1437
274
248
731
4411
702198
30580
30488
30430
30735
30442
30385
30399
30389
30878
30213
132
128
128
344
125
3362027
144309
144217
144216
144197
144187
145009
144231
144224
144214
144213
489
147
147
143
141
524
131
124
122
1250
185
156
156
158
517
176
157
154
601
186
126
125
125
483
776
162
152
152
152
512
156
150
149
149
533
132
124
621
151
147
131
129
490
147
727
159
154
152
131
142
134
1066
178
156
160
131
139
134
138
132
910
168
124
125
124
124
1388037
60315
59671
60094
59664
59626
59624
59626
59628
60606
59686
185
155
157
134
134
134
134
954
176
126
126
3068816
131849
131696
131654
131653
131660
131691
131622
131622
132066
131654
124
619
159
143
604
167
153
1344
241
187
187
192
171
171
1078
197
185
186
134
132
1159
187
177
176
183
137
135
138
989
194
177
129
133
130
130
1042
190
170
170
1274
229
185
184
196
198
186
161
235
169
150
104
112
108
366
137
130
121
112
113
1057
181
175
169
179
395
178
685065
29551
29461
29935
29469
29467
30027
29487
29480
29444
29455
568
131
124
698
152
139
86
102
696817
30111
30042
30026
30022
30009
35635
30247
30206
30207
30220
3079309
132915
132346
132881
132354
132345
132108
132101
132098
132098
132104
289
126
123
104
98
1170
164
153
148
144
146
145
147
142
211
152
98
1323
158
155
150
149
147
153
149
144
949
193
127
128
126
88828
8768
23698
5019
4985
6127
5002
4991
4999
4994
4991
1190
4030
298
278
736
258
244
243
245
249
245
243
118
897
158
131
3488
294
271
281
276
279
3298
420
368
4417
568
398
398
410
398
396
396
275
267
700669
30739
30157
30138
30138
30141
30503
30159
30152
30152
30160
138
108
109
114
184
739
129
679
155
146
145
152
150
146
390
182
131
126
105
103
103
103
102
103
103
93
91
612
120
1401
180
168
169
171
529
188
186
720
196
735
157
153
154
153
1191
193
1457
252
214
215
190
191
192
204
352
804
185
128
126
553
157
144
144
564
169
156
127
18158
14125
9814
8047
36376
7004
19715
4420
8414
4592
4540
11906
10508
3526
3223
724441
32676
31944
31899
33378
31803
31790
31441
31146
31142
34932
363
330
7107
655
549
7332
937
878
7578
1161
972
7729
1296
970
7732
1349
1024
7651
1276
968
7799
1317
972
7685
1345
1009
7679
1300
972
7732
1332
981
7703
1341
1021
7649
1270
969
969
7717
1055
1014
7639
1005
966
7729
1007
967
7764
1324
972
971
965
682
678
679
389
6710
746
410
7048
706
656
6752
960
598857
27825
26635
26331
26327
26328
26039
26038
26037
25775
25774
148
92
102
92
92
3337
309
248
2179
355
327
321
320
325
323
340
181
177
184
95
92
92
96
92
5880
427
361
368
367
7555
761
666
660
674
5164
705
628
620
646
7125
727
634
597
596
7689
1296
956
812
6539
1587
739
716
764
705
698
393
5540
646
7513
773
584
581
579
839
607
585
1162
18611
11684
11081
700737
31770
31678
31713
32114
31721
31714
32279
30942
30462
30057
638
159
138
104
102
598
135
80
714
142
139
611
139
126
106
694159
29915
29831
29830
29821
727958
59846
59705
764242
89924
91104
764878
91065
90432
3392028
878364
818645
1323452
300871
271038
270620
270564
240366
240344
241427
98926
71195
45954
163
158
159
171
158
187
150
97
2013
244
184
182
180
200
204
181
178
225
220
103
97
97
98
97
95
95
94
94
94
608
125
115
113
115
113
113
113
114
179
123
1420
167
171
193
208
235
182
161
163
157
1362
164
151
150
149
148
147
170
148
144
153
725
130
119
120
122
119
675031
29193
29069
29092
29076
29048
29057
29042
29515
29076
29063
127
119
122
117
3857
328
1498
336
309
309
7084
682
627
604
602
443
6908
693
667
669
1811
439
421
421
5720
695
650
372
370
371
6965
691
610
607
608
380
1262
4576
646
597
597
313
312
310
8208
2012
950
686
502
5603
2045
799
776
775
826
5665
728
645
798
668
431
370
6461
742
762
712
433
453
437
42803
11263
10207
10565
7158
702116
33668
33771
33165
33143
33142
31322
30935
30607
30278
30101
239
138
97
582
135
117
164
517
161
136
632
183
134
113
1282
191
154
137
124
132
143
1916
232
180
176
125
123
126
122
1203
240
176
94
92
1387
202
173
156
177
152
106
420
321
141
164
80
69
274
118
77
666
174
126
113
689770
29715
1537720
94438
94304
94293
94263
94251
94246
94231
94246
64712
64727
46
74
59
57
77
64
64
62
71
69
72
65
74
71
60
74
1456
182
114
112
110
103
109
107
105
102
106
44
40
40
35
40
42
58
51
45
45
43
42
36
43
42
54
58
44
42
34
43
42
41
295
75
56
46
51
51
558
102
76
75
71
64
55
64
63
488
1415698
60817
61944
61448
60848
60802
60817
60817
60801
60814
61262
164
145
77
63
1348
145
122
113
119
112
98
546
188
108
116
58
539
787
149
115
115
108
96
94
86
517
142
698
126
111
99
2714
240
206
197
204
186
184
150
156
156
153
36
40
40
313
81
52
51
53
578
116
73
3034536
715504
768691
1239513
227478
226908
226901
226901
226881
227205
228234
96917
71821
45534
202
165
164
162
1031
206
186
138
130
131
128
128
130
919
166
125
124
140
127
125
4618820
198203
198495
198113
198063
198061
198061
198062
198340
198680
198106
162
668
177
153
153
152
152
154
140
114
114
114
91
101
90
99
501
117
110
108
545
131
127
1328
215
181
180
163
162
430
178
155
1363
227
160
156
154
156
155
154
144
144
213
101
94
94
95
94
107
96
95
866
139
124
124
124
124
135
126
124
124
864
130
124
122
122
697457
32742
30174
30129
30151
30137
1558188
95764
95652
95598
95597
65712
65594
67756
65708
65685
65701
197
188
187
185
187
191
203
109
96
93
92
92
92
93
93
92
91
93
91
98
90
90
92
90
92
90
148
105
116
113
96
95
95
97
95
96
95
92
92
92
108
92
92
95
92
92
112
100
93
93
93
91
93
92
91
93
91
92
91
90
98
94
91
92
90
104
1404625
656115
733637
788015
1170978
186674
186580
186573
186894
186590
187161
126431
100881
73117
44636
156
165
152
148
142
410
128
123
1342
191
161
157
158
158
156
155
148
144
145
737
130
119
118
118
486
137
134
641
4608055
197808
197636
198583
197679
197674
197675
197668
197662
197661
197755
168
1451
223
173
171
173
171
171
301
179
174
621
140
140
135
136
452
160
150
146
144
1170
177
169
170
178
169
155
156
883
190
189
143
142
155
143
971
187
178
179
158
148
1047
204
188
186
189
164
152
152
150
840
183
127
127
125
132
125
123
1092
3059069
706154
802970
1205102
227506
227422
227374
227345
227636
227381
227318
96228
780288
74292
30430
30419
30446
30417
35822
30713
30658
31144
30691
286
5876
641
557
541
1660
413
378
698521
30405
30329
30303
30063
30062
732105
60315
61170
60165
1573793
95716
95144
95128
95127
95129
95127
65040
65032
72906
65375
459
7896
803
755
753
7492
1079
1045
7106
1063
968
12350
1264
1180
3111
1277
939
8395
1320
1001
7784
1394
849
7404
1203
1042
6983
1360
986
8308
1316
972
7712
1297
970
7049
1254
969
8496
1327
974
7004
1265
939
7750
1240
973
7798
1359
957
8324
1328
1024
7031
1365
1006
1001
8250
1095
1072
6943
1061
985
7587
1033
966
7688
569804
25408
25354
25614
25081
25058
25056
25201
25555
24828
24529
164
158
156
6666
457
424
424
6399
55243
3035
2974
2972
4032
6487
3524
5674
5750
4502
4963
16058
3388
2825
1508
1452
3144
3395
4053
2656
2849
3180
2750
4862
2187
2179311
94368
100230
94981
94274
99712
94416
101851
94631
94389
94309
949
943
684
658
657
420
419
96
91
91
90
97
92
90
90
94
43569
2051
1990
1995
1964
1963
1962
1963
1963
1963
1962
97
95
107
99
92
91
92
91
93
93
91
686
181
119
133
121
119
119
119
119
123
119
93
90
90
90
90
90
90
90
90
91
90
90
90
97
91
94
90
90
1393288
59969
60902
59868
59853
59855
59854
59855
59854
60791
59906
187
673
159
153
161
154
153
153
1108
160
153
163
135
468
150
146
662
171
170
136
127
1937
214
206
192
195
191
171
168
296
177
174
700364
30205
30570
30147
30133
30134
30132
30133
30127
30126
31160
166
156
137
146
140
135
150
153
2299
343
277
260
298
265
270
268
273
308
283
191
187
207
187
183
183
184
185
183
181
181
183
196
182
185
186
181
184
181
680379
29906
29274
29251
