6
0
1
2
3
4
5
7
8
9
10
11
12
13
14
15
16
17
18
19
20
21
22
23
24
25
26
27
28
29
30
31
32
33
34
35
36
37
38
39
40
41
42
43
44
45
46
47
48
49
50
51
52
53
54
0
1
2
3
55
56
4
57
5
58
6
7
59
60
61
8
62
9
63
10
64
11
12
65
66
13
14
67
15
68
16
69
17
70
18
71
19
72
20
73
74
21
75
22
76
23
77
78
24
79
25
80
0
26
81
1
2
3
4
5
6
27
7
8
9
10
11
82
12
13
28
14
15
16
17
83
84
29
18
19
20
21
22
23
24
25
30
85
26
27
28
29
30
31
32
31
86
33
34
35
36
37
38
39
40
41
87
42
43
32
44
45
33
46
47
48
49
34
50
51
52
88
53
54
55
56
57
58
89
35
59
60
61
62
63
36
64
65
66
67
68
69
70
90
91
71
72
37
73
74
75
76
92
38
77
78
79
80
81
82
83
84
85
39
86
87
88
93
89
90
40
91
92
93
94
95
96
41
94
97
95
42
96
98
43
44
45
46
47
97
99
48
49
98
50
99
100
51
101
102
103
52
104
105
53
106
107
108
100
54
109
55
101
110
56
57
111
58
112
102
59
113
60
114
115
61
103
62
116
63
117
104
105
64
118
106
65
119
66
120
67
107
121
68
108
69
122
70
123
124
71
109
72
125
110
73
126
74
127
75
111
128
129
112
113
76
77
130
78
114
131
79
115
132
80
116
117
133
134
118
81
119
135
82
120
83
136
121
84
122
137
85
138
123
124
86
125
139
126
87
140
88
127
141
89
128
142
90
129
130
91
143
144
131
92
93
145
132
133
94
146
134
135
136
147
137
138
148
95
96
139
149
140
141
97
98
150
99
142
143
151
100
101
144
102
152
103
104
145
105
146
153
106
107
154
108
147
109
110
155
111
148
112
149
113
156
114
115
150
157
116
117
151
158
118
159
119
120
121
160
152
122
123
124
161
153
125
126
162
127
154
128
155
163
129
130
156
157
164
131
158
159
132
133
165
134
135
166
136
160
137
167
138
139
161
140
168
141
142
143
162
169
144
145
170
163
146
171
172
147
148
149
150
151
173
164
165
174
152
153
154
155
156
175
176
166
157
158
159
177
160
161
162
178
163
167
164
179
165
166
180
167
168
181
169
168
170
171
182
172
169
173
183
174
184
175
176
177
185
170
178
186
171
179
187
188
180
181
172
182
183
189
184
190
173
185
186
191
192
187
193
188
189
190
194
191
174
192
195
193
194
195
196
196
197
175
197
198
198
199
199
176
200
200
201
201
202
202
203
203
204
204
177
205
205
206
206
178
207
207
208
209
210
179
211
212
213
214
180
215
216
181
217
208
218
182
219
209
210
211
212
213
214
215
220
216
183
217
221
222
218
219
220
221
223
184
222
223
224
224
225
226
227
185
228
229
186
230
231
187
232
233
188
234
235
236
237
189
225
226
227
192
238
239
240
193
241
242
243
196
244
245
246
198
247
228
229
230
248
201
249
250
251
252
204
253
232
231
233
234
207
254
255
209
256
210
257
258
235
236
237
211
238
239
240
241
242
243
244
245
259
260
246
213
261
247
215
248
262
263
249
216
264
250
251
218
265
220
222
266
226
267
268
269
270
271
272
273
274
275
252
276
253
254
255
228
256
257
258
277
259
278
260
279
280
261
231
281
262
263
234
282
264
283
265
284
266
236
285
267
286
268
238
287
269
288
270
289
271
290
272
273
291
274
241
292
275
293
294
276
277
295
278
296
279
246
297
280
298
281
299
282
300
283
284
301
302
285
252
286
303
287
304
257
288
305
306
289
307
290
308
291
309
292
310
293
311
294
295
312
296
313
259
297
314
298
315
263
299
316
300
317
269
301
302
318
319
303
320
304
321
271
322
305
323
306
307
324
308
309
325
310
311
312
326
313
277
314
327
328
315
316
329
280
317
318
330
319
320
331
283
321
332
322
323
333
324
334
286
325
335
326
327
328
336
288
329
337
330
331
332
338
333
339
334
335
336
290
340
337
338
341
294
339
340
342
341
342
343
295
343
344
344
345
345
297
346
346
347
347
348
349
300
348
350
349
350
351
351
352
303
352
353
353
306
354
355
354
356
355
308
357
356
358
310
357
359
358
359
360
361
360
361
362
362
363
312
363
364
364
365
365
366
366
367
367
368
368
369
369
370
370
371
371
317
372
372
373
373
374
374
375
375
376
376
377
377
378
378
379
379
380
380
381
326
381
382
382
383
383
384
384
385
386
385
386
387
387
388
388
336
389
389
390
343
390
391
391
392
392
393
345
393
394
394
395
395
396
396
397
397
348
398
398
399
399
352
400
400
401
401
402
402
403
403
404
404
354
405
405
406
359
406
407
407
408
360
408
409
409
363
410
410
411
364
411
412
365
412
413
413
414
414
415
415
416
416
417
367
417
418
419
418
420
419
421
420
422
421
422
423
423
424
424
372
425
425
426
426
427
427
428
428
429
429
430
430
379
431
431
432
432
433
433
385
434
434
435
435
436
436
437
437
438
388
438
439
439
440
440
441
441
392
442
442
443
443
444
444
445
396
445
446
446
447
447
400
448
448
449
449
450
450
451
451
403
452
452
453
453
454
406
454
455
455
456
456
408
457
457
458
458
459
459
460
411
460
461
461
462
462
463
414
463
464
464
465
465
466
466
467
467
417
468
468
469
469
470
422
470
471
471
472
472
473
473
425
474
474
475
475
428
476
476
477
477
478
478
431
479
479
480
433
480
481
481
482
482
483
483
435
484
484
485
438
485
486
486
487
487
439
488
488
489
489
442
490
490
444
445
491
491
492
492
493
493
446
494
494
448
495
495
449
496
496
497
450
497
452
498
498
453
499
499
500
500
454
501
501
502
456
502
503
503
457
504
504
458
505
505
459
506
506
507
460
507
508
461
508
509
463
509
464
510
510
511
511
512
512
465
513
513
514
468
514
515
515
469
516
516
517
517
518
471
518
519
519
473
520
520
521
521
474
522
522
523
523
524
524
525
525
476
526
526
480
527
527
528
528
529
481
529
530
530
483
531
531
532
532
533
485
533
534
487
534
535
535
536
536
537
537
538
538
539
539
540
540
541
541
542
542
543
543
544
488
544
545
545
546
546
547
547
548
498
548
549
550
549
551
502
552
550
551
553
552
553
554
554
555
555
556
556
557
557
558
559
558
559
560
561
560
561
562
562
563
563
564
564
505
565
565
566
566
567
567
568
568
569
570
569
570
571
571
572
572
573
573
574
574
575
575
576
576
577
577
578
578
579
579
580
580
581
581
582
582
583
518
583
584
584
585
585
586
586
587
587
588
588
589
537
589
590
590
543
591
591
592
592
593
545
593
594
547
548
594
595
549
596
595
596
597
597
598
598
599
550
600
599
553
600
601
601
602
554
602
603
603
604
604
605
605
606
556
606
607
607
608
608
560
609
609
610
563
611
610
612
611
612
565
613
613
614
614
615
615
616
617
616
567
617
618
618
619
619
620
621
620
622
621
622
623
572
623
624
624
625
625
626
626
627
627
628
628
577
629
630
629
630
631
631
632
583
632
633
633
586
634
635
634
635
636
636
637
637
638
639
638
640
639
640
641
588
642
641
643
642
644
643
645
644
645
646
647
646
647
648
648
649
649
650
650
651
651
595
652
652
653
653
654
655
654
655
656
656
657
657
658
658
659
606
659
660
660
661
661
662
662
663
663
664
613
664
665
665
618
666
666
667
668
667
620
668
669
669
670
670
671
671
622
672
672
673
673
674
626
674
675
675
676
676
677
677
678
678
679
679
680
680
681
628
681
682
682
683
636
683
684
684
685
685
686
687
637
686
687
688
688
689
689
690
690
691
691
692
692
693
693
694
694
695
695
696
696
697
698
697
698
641
699
699
700
700
701
701
702
703
704
702
703
704
705
653
705
706
707
706
707
708
708
709
709
710
711
710
711
712
713
712
713
714
715
714
659
715
716
716
717
717
718
718
719
669
719
720
720
721
721
722
722
723
724
723
724
725
673
725
726
726
727
728
727
679
728
729
729
683
730
730
731
732
731
684
732
733
733
734
734
686
689
735
735
736
690
736
737
737
738
691
738
739
739
692
740
740
741
694
741
742
742
743
695
743
744
744
745
746
745
697
747
746
748
700
747
749
748
749
750
751
750
751
752
702
752
753
754
753
755
754
755
756
706
756
757
757
758
758
759
759
760
760
761
761
762
762
763
763
764
764
765
765
710
766
767
766
720
767
768
768
769
769
770
770
771
771
721
772
772
773
773
774
726
774
775
728
775
776
776
777
778
779
777
780
778
781
730
782
779
783
780
784
735
781
785
