33446
38360
33599
53011
65383
28627
32134
33845
34177
8928
17039
25247
9732
26263
7711
34057
37883
8953
39401
31683
17920
25068
39030
6296
128
8608
27266
1716
38291
7990
40006
31997
43657
7057
37289
697
44941
34001
37966
51014
29098
40996
41990
41008
35019
40018
6863
37065
36012
32045
10884
12114
31010
3956
36896
84
7
9116
13980
16917
9162
17820
21423
17610
22255
19960
4817
15004
33982
16712
9221
21228
18764
881
12200
18361
30387
13354
4750
958
29865
13273
16965
14129
15805
8118
21558
35395
7620
7338
12736
11303
45653
6686
7104
27146
50386
803
6210
51675
6414
9994
23699
12345
28509
7413
21818
10643
9608
9608
25
10
9938
23
10037
246
9792
27
5
9980
58
208
9728
38
2078
7911
29
9989
35
4259
2167
3343
172
18
10055
39
9970
39
9953
24
802
208
14456
37
4494
29
9198
61
9
787
7988
1930
27
9989
26
10107
36
11393
36
6
5421
3008
17
3069
6969
30
806
9163
28
9018
40
10956
221
16
7
5734
4031
27
10010
42
8968
35
6829
3405
750
16
5
9945
34
9538
430
12
10010
16
10025
25
6
1790
22
13370
33
6
4751
23
9008
23
9757
613
600
17
7
9016
20
9999
971
15131
30
12
5872
19
6
2986
5012
47
10340
634
15
9008
23
10986
29
1071
2699
25278
7586
2836
11283
8315
19936
27109
54201
1384
27965
5060
14564
10313
29918
105
33919
1208
3615
20750
10290
10037
11011
392
9769
8826
9819
207
10007
9025
5081
6750
28277
805
7514
22692
190
19475
9393
20718
10310
15999
13984
10043
19477
9614
30067
11085
7671
3006
7252
23094
8936
1648
973
16962
20507
2691
6778
19551
10191
19824
10430
5237
14447
10368
15203
14280
145
20926
9203
29975
1170
5269
23463
97
22728
7535
9878
10332
18709
13457
13005
4565
30045
5212
9241
15952
44
9578
10585
5577
13958
9819
8093
12190
9958
14979
4961
45
29058
5853
5305
682
28211
562
6500
13308
10643
16011
3634
3071
6325
22402
8649
2785
886
16277
14712
5398
616
9030
19426
10713
7928
10845
15698
4489
11486
28
24366
5952
1705
6931
30002
1624
782
17908
9737
12377
42
7383
10230
14404
13991
43
10653
22552
1882
12211
51
14649
5903
3855
1224
4971
4234
9527
10083
10360
6860
903
11948
590
9642
9914
273
18635
376
10540
6071
3472
4619
4964
535
20745
9786
964
997
9311
8346
9356
12110
774
7807
1145
9758
8520
10797
9660
307
9254
10578
13867
357
5335
3575
26422
22004
207
342
6450
10821
928
10860
9713
9737
8570
2823
8224
9391
11975
5577
3719
1626
7188
10683
11631
2157
2992
2547
802
748
5014
3593
20274
9662
1818
8910
19305
612
12808
8346
8245
624
10465
5310
4708
8967
10102
9956
9777
2419
7738
10962
9093
10064
171
9417
20459
29012
2049
30
143
10754
7808
9264
6086
29054
4910
720
1103
8802
10885
9435
40225
59
5825
3542
349
207
9975
481
19153
10348
10108
10682
7141
1688
9532
10027
10942
10073
647
18762
9591
595
4065
6020
19788
9591
610
11012
13863
4587
103
29960
22801
186
7573
405
1619
18043
9441
4374
6075
28632
31051
10564
207
3635
15120
20879
9676
20230
728
15284
19341
4191
10255
10034
1150
17953
524
11323
19026
78
20032
5075
4934
9060
762
20113
10016
71
19722
9438
19862
258
10837
20193
18930
10515
11350
8205
9922
20826
201
29160
20485
9534
10270
30051
632
13692
26667
18806
10024
9873
28619
11582
9986
10080
29589
30724
21013
8425
41564
18714
41718
2584
28282
27655
26163
4328
39642
9866
1093
18581
478
26
8
9984
32
8
8992
10445
20617
820
8165
785
39681
10584
40
7
9954
9417
1416
9215
10029
9005
443
29690
29993
30048
2581
40471
26998
13492
16624
29022
40320
712
60065
4125
5906
20009
39098
29982
2000
8986
46
242
33788
16052
10020
19086
34849
35230
9995
20981
873
59288
49087
41
5585
14364
31372
116
89
28525
5457
15566
18994
30073
29064
1323
29755
4770
26
215
272
30929
3778
31082
8157
20917
22214
37877
19971
9771
193
129
9967
129
21
101
1765
72
241
6630
459
20646
9976
699
1236
18060
9487
7503
22607
490
29094
797
24924
5266
10050
19401
13395
17234
61743
112957
12567
66528
51717
52
7
5
5
7
1842
18
5
1901
6078
14718
33
24
5482
3635
19
5
115
2821
29276
8758
23243
32118
856
17370
15827
5905
26245
10834
2996
9598
8471
18630
13461
14251
1848
16914
10812
21228
10153
19608
3260
5414
27637
3939
26176
2294
29754
49
20129
27858
2231
14413
1346
24257
10769
31097
19055
45
12966
16095
15961
13950
12518
5543
11946
22119
8078
23955
5671
25403
5471
29812
11800
18013
20115
3945
6608
2346
39106
39964
933
17747
12363
7047
10039
15004
4898
31151
8445
23591
6121
19916
1449
22630
6279
29922
17854
12327
672
23505
5863
15702
14481
3586
327
25597
18106
12120
21933
3431
5315
18946
3376
21023
16800
17203
12353
17717
25352
5707
31137
879
19140
9705
6240
13762
10324
9971
10393
11798
7257
2583
7643
196
19663
3534
33035
14047
113
18186
370
967
30359
20
9656
20070
17426
3538
74
13361
6800
22469
13836
5787
13292
3471
922
29549
24
9498
20005
531
12457
6918
12692
7139
9872
10482
3527
26048
8051
2037
10246
10878
3187
5659
10719
9181
14571
3766
2402
9533
13917
6197
19935
5902
20112
5800
6148
33182
28450
558
11832
6130
11983
28089
2984
21066
37019
4839
6685
11500
8740
20992
1327
16509
20542
1638
27873
13549
7373
23348
3310
16023
16763
16271
23408
7119
3515
30696
2368
330
15697
16022
4175
20007
8884
31085
1754
18513
11691
18912
13170
14182
11814
8020
21837
20232
9879
18191
11760
14252
16324
25762
14036
9998
19411
14664
15674
29399
10492
10172
4287
15731
16361
13043
13994
16450
26700
13296
8647
21270
11822
20010
22007
6497
25552
14180
8806
21078
16054
9366
4788
25856
4134
15892
24053
11994
17774
12305
42012
7510
8295
16305
3877
26138
13857
5232
4943
19301
25804
3790
830
14375
26102
5944
23660
7376
31774
1442
9816
19590
1468
18627
16406
22978
25993
4387
1300
8440
21408
16679
12007
24549
3506
11930
8062
23608
8430
20172
15915
14017
16037
24480
3745
17836
7715
22325
2128
6301
13606
15986
16009
21030
2736
21360
9479
6410
5095
17798
14290
3932
11894
15224
16856
7978
8179
25446
7635
20154
22142
9367
14373
22485
20601
1604
9406
8015
42105
8731
25279
5043
18983
930
29124
21693
8573
1753
18340
13710
16215
12343
2487
25145
19995
13169
22846
3713
14333
16343
17656
21941
23148
7413
20722
4940
3431
26622
3590
27472
12282
3622
7056
19324
12731
18244
13840
15804
18221
21444
9687
5781
14264
11940
21239
19798
7410
31636
8501
8146
5393
17469
10556
18420
29693
326
15661
18313
6310
7450
22222
10799
19140
23046
830
5869
16244
23519
8508
21839
11195
18764
5277
7018
19307
12710
15206
18869
7853
15667
8500
19633
16462
14254
3620
14158
11156
19914
20875
10133
19385
23706
771
5516
26803
13778
22234
7474
9595
2526
17179
12260
19244
14875
23730
8267
23889
8172
19823
4543
9673
17213
16861
21893
20179
3059
6832
10110
22046
12083
15637
26362
13252
4672
16165
9365
20603
9137
24791
3182
3193
14797
24846
19231
10484
4408
8094
18825
13254
7658
7651
17779
21964
24019
6437
13639
15879
5682
10457
24299
9750
430
19623
10003
19749
22356
8093
1141
24753
14627
7539
21851
4338
6782
18622
18669
4858
934
5902
16137
26561
17476
10194
2745
21050
6286
9804
19870
45
15153
1889
22708
7396
9979
13025
9027
3023
17862
3942
17323
7995
16010
24151
8531
2297
19493
11607
9624
8581
29916
715
713
14532
25571
925
17567
10955
9493
9608
11032
10920
4442
14010
15759
16234
7317
8361
20294
2303
5639
3784
19755
12327
17930
14093
15725
24517
5848
10765
22310
1988
4723
20328
9965
23977
2068
4952
22169
22172
3785
9014
11490
17550
13224
1707
11144
16420
16592
23312
11403
1334
18410
9167
19638
19943
10344
13662
17251
3303
11473
24491
8026
8502
13034
27111
2936
14063
12334
3784
15960
24111
138
19764
9758
10265
20065
25975
2264
3648
27165
1116
9406
8547
23097
7929
21284
11763
17831
21230
10305
13709
28300
3728
24853
10198
22884
8215
17571
16479
22426
7646
6651
15994
19417
14256
7724
18764
19305
14301
5728
6519
23473
1990
33438
4052
26634
7464
26578
1340
18479
10270
346
29658
4006
26011
6067
23744
8422
32048
817
28868
4225
31029
4506
19877
8888
31856
902
28702
2384
27640
18512
11297
6666
23843
26938
260
13520
1494
28525
2569
26595
6451
24583
6441
32081
2608
27278
2128
29106
5000
26521
7495
29894
122
30609
1416
27777
4313
26309
4701
25280
19824
20215
17862
11875
4120
25565
6467
24598
7460
32335
670
9987
19911
17216
13923
4112
23184
9859
30481
1590
29071
953
33952
26
8
24692
5420
25351
23163
3542
12549
17534
13493
2504
10422
15675
7934
458
4922
17561
21125
215
17833
370
29466
14212
16367
17677
11826
9244
45
30961
262
9805
20178
801
28787
19328
6906
4472
6615
34185
13925
14961
1006
29783
2245
19038
7742
5316
25307
6686
32323
412
1345
28589
3493
47673
346
8575
7475
2007
30127
1336
545
28410
3637
26851
6217
26448
6590
32045
716
20580
6560
4181
26502
5545
31004
2017
31100
328
31711
2998
26161
2864
19995
7215
4866
23674
9395
30616
2396
27373
4677
27619
3421
26911
836
6349
30017
397
30763
3027
25880
8018
8530
13522
8021
32568
846
12649
17995
841
27395
5808
24446
5620
24115
9954
32001
1786
30274
6400
19488
10174
3853
26188
2255
28785
13822
19237
146
31888
5970
18723
23370
15104
934
30029
4004
25453
18612
12021
23033
16616
381
29877
12926
2377
15543
20443
7945
24103
16044
947
30063
982
28368
5645
25454
24698
14180
13835
219
15747
2112
28780
3197
25780
7295
23554
7469
32252
13837
1977
13492
4513
26129
2951
2976
23896
24205
15982
87
6867
23112
1039
28371
5677
24335
8691
34653
8053
4405
14418
1583
28536
3454
19559
7005
6504
23702
10357
29370
1674
29200
2858
27414
4627
24590
7490
32020
51
24285
5763
16024
13794
7147
6179
16916
7983
31930
77
29804
2277
34054
4881
19511
11844
5829
14383
8681
29384
1603
27395
4676
28486
2614
26171
7824
30823
181
29323
3735
26626
21476
9703
22360
16035
101
31777
11627
4541
13681
2317
27914
6110
32035
46
32071
32057
5650
485
21190
3671
16095
8948
9997
29085
1741
31340
17955
11518
6565
21915
8079
31050
1403
30181
468
34084
3736
24786
5472
30119
4169
12476
13437
1935
28344
3689
26951
5096
24143
9892
3424
26684
1941
28622
20474
8891
20140
11144
7873
31074
316
30161
1524
2287
26890
4885
24583
7516
31032
704
24464
7283
540
27871
13268
7280
9852
5910
31985
1021
14845
15472
3737
26629
17458
12929
3772
6094
16227
3715
13277
9772
17101
1194
28528
3475
25698
587
5764
31080
5476
11561
16677
324
10514
18887
1691
28798
15270
8288
6166
5625
24003
9990
30039
8938
3236
20856
2354
30678
18045
6933
22116
8176
18644
6204
16018
2383
29085
2568
15937
8619
7489
31078
13183
19038
2588
28354
950
802
30488
1746
23035
8032
32741
1311
29420
2653
26183
7764
24090
20064
18286
12701
17181
19844
11902
20158
8186
5103
4755
29055
837
12313
17815
2073
28336
3695
26039
5981
24127
22978
17399
3532
14116
12015
4978
25074
5986
17866
5691
8474
26980
4484
1608
28941
2095
49112
16997
1139
30937
25941
5072
2450
29576
6242
43855
6254
9767
20452
2059
10547
30312
